xof 0303txt 0032
Material Door_mat {
	1.000000;1.000000;1.000000;1.000000;;
	0.000000;
	0.000000;0.000000;0.000000;;
	0.000000;0.000000;0.000000;;
	TextureFilename {
		"Door_DM.jpg";
	}
}
Frame Door_Reference {
	FrameTransformMatrix {
		1.000000,0.000000,0.000000,0.000000,
		0.000000,1.000000,0.000000,0.000000,
		0.000000,0.000000,1.000000,0.000000,
		0.000000,0.000000,0.000000,1.000000;;
	}
	Frame Door_root {
		FrameTransformMatrix {
			1.000000,0.000000,0.000000,0.000000,
			0.000000,1.000000,0.000000,0.000000,
			0.000000,0.000000,1.000000,0.000000,
			0.000000,0.008179,-53.849148,1.000000;;
		}
		Frame LeftDoor_01 {
			FrameTransformMatrix {
				1.000000,0.000000,0.000000,0.000000,
				0.000000,1.000000,0.000000,0.000000,
				0.000000,0.000000,1.000000,0.000000,
				157.070618,177.292816,0.101636,1.000000;;
			}
			Frame LeftDoor_02_end {
				FrameTransformMatrix {
					1.000000,0.000000,0.000000,0.000000,
					0.000000,1.000000,0.000000,0.000000,
					0.000000,0.000000,1.000000,0.000000,
					-157.070618,0.000000,0.000000,1.000000;;
				}
			}
		}
		Frame RightDoor_01 {
			FrameTransformMatrix {
				1.000000,0.000000,0.000000,0.000000,
				0.000000,1.000000,0.000000,0.000000,
				0.000000,0.000000,1.000000,0.000000,
				-157.070999,177.292816,0.101636,1.000000;;
			}
			Frame RightDoor_02_end {
				FrameTransformMatrix {
					1.000000,0.000000,0.000000,0.000000,
					0.000000,1.000000,0.000000,0.000000,
					0.000000,0.000000,1.000000,0.000000,
					157.070999,-0.000000,0.000000,1.000000;;
				}
			}
		}
	}
}
Frame RightDoor_mesh {
	FrameTransformMatrix {
		1.000000,0.000000,0.000000,0.000000,
		0.000000,1.000000,0.000000,0.000000,
		0.000000,0.000000,1.000000,0.000000,
		0.000000,0.000000,0.000000,1.000000;;
	}
	Mesh {
		24;
		-159.353790;0.008179;-53.849148;,
		-159.353790;330.022400;-53.849148;,
		-159.353790;330.022400;-40.007973;,
		-0.002655;330.022400;-53.849148;,
		-159.353790;330.022400;-53.849148;,
		-159.353790;0.008179;-53.849148;,
		-0.002655;330.022400;-40.007973;,
		-159.353790;330.022400;-40.007973;,
		-159.353790;330.022400;-53.849148;,
		-0.002655;0.008179;-40.007973;,
		-159.353790;0.008179;-40.007973;,
		-159.353790;330.022400;-40.007973;,
		-0.002655;0.008179;-53.849148;,
		-159.353790;0.008179;-53.849148;,
		-159.353790;0.008179;-40.007973;,
		-0.002655;0.008179;-53.849148;,
		-0.002655;0.008179;-40.007973;,
		-0.002655;330.022400;-40.007973;,
		-159.353790;0.008179;-40.007973;,
		-0.002655;0.008179;-53.849148;,
		-0.002655;330.022400;-53.849148;,
		-0.002655;330.022400;-40.007973;,
		-0.002655;0.008179;-40.007973;,
		-0.002655;330.022400;-53.849148;;
		12;
		3;0,2,1;,
		3;3,5,4;,
		3;6,8,7;,
		3;9,11,10;,
		3;12,14,13;,
		3;15,17,16;,
		3;0,18,2;,
		3;3,19,5;,
		3;6,20,8;,
		3;9,21,11;,
		3;12,22,14;,
		3;15,23,17;;
		MeshNormals {
			24;
			-1.000000;0.000000;0.000000;,
			-1.000000;0.000000;0.000000;,
			-1.000000;0.000000;0.000000;,
			0.000000;0.000000;-1.000000;,
			0.000000;0.000000;-1.000000;,
			0.000000;0.000000;-1.000000;,
			0.000000;1.000000;0.000000;,
			0.000000;1.000000;0.000000;,
			0.000000;1.000000;0.000000;,
			0.000000;0.000000;1.000000;,
			0.000000;0.000000;1.000000;,
			0.000000;0.000000;1.000000;,
			0.000000;-1.000000;0.000000;,
			0.000000;-1.000000;0.000000;,
			0.000000;-1.000000;0.000000;,
			1.000000;0.000000;0.000000;,
			1.000000;0.000000;0.000000;,
			1.000000;0.000000;0.000000;,
			-1.000000;0.000000;0.000000;,
			0.000000;0.000000;-1.000000;,
			0.000000;1.000000;0.000000;,
			0.000000;0.000000;1.000000;,
			0.000000;-1.000000;0.000000;,
			1.000000;0.000000;0.000000;;
			12;
			3;0,2,1;,
			3;3,5,4;,
			3;6,8,7;,
			3;9,11,10;,
			3;12,14,13;,
			3;15,17,16;,
			3;0,18,2;,
			3;3,19,5;,
			3;6,20,8;,
			3;9,21,11;,
			3;12,22,14;,
			3;15,23,17;;
		}
		MeshTextureCoords {
			24;
			0.167880;0.477165;,
			0.167803;0.704295;,
			0.102663;0.704295;,
			0.632761;0.010452;,
			0.971389;0.010452;,
			0.971389;0.711742;,
			0.102693;0.140352;,
			0.102663;0.030686;,
			0.167803;0.030686;,
			0.971557;0.711742;,
			0.632929;0.711742;,
			0.632929;0.010452;,
			0.167910;0.367498;,
			0.167880;0.477165;,
			0.102724;0.477165;,
			0.167910;0.367498;,
			0.102754;0.367498;,
			0.102693;0.140352;,
			0.102724;0.477165;,
			0.632761;0.711742;,
			0.167849;0.140352;,
			0.971557;0.010452;,
			0.102754;0.367498;,
			0.167849;0.140352;;
		}
		MeshMaterialList {
			1;
			12;
			0,
			0,
			0,
			0,
			0,
			0,
			0,
			0,
			0,
			0,
			0,
			0;
			{Door_mat}
		}
		XSkinMeshHeader {
			4;
			12;
			1;
		}
		SkinWeights {
			"RightDoor_01";
			24;
			0,
			1,
			2,
			3,
			4,
			5,
			6,
			7,
			8,
			9,
			10,
			11,
			12,
			13,
			14,
			15,
			16,
			17,
			18,
			19,
			20,
			21,
			22,
			23;
			1.000000,
			1.000000,
			1.000000,
			1.000000,
			1.000000,
			1.000000,
			1.000000,
			1.000000,
			1.000000,
			1.000000,
			1.000000,
			1.000000,
			1.000000,
			1.000000,
			1.000000,
			1.000000,
			1.000000,
			1.000000,
			1.000000,
			1.000000,
			1.000000,
			1.000000,
			1.000000,
			1.000000;
			1.000000,0.000000,0.000000,0.000000,
			0.000000,1.000000,0.000000,0.000000,
			0.000000,0.000000,1.000000,0.000000,
			157.070999,-177.300995,53.747509,1.000000;;
		}
	}
}
Frame LeftDoor_mesh {
	FrameTransformMatrix {
		1.000000,0.000000,0.000000,0.000000,
		0.000000,1.000000,0.000000,0.000000,
		0.000000,0.000000,1.000000,0.000000,
		0.000000,0.000000,0.000000,1.000000;;
	}
	Mesh {
		24;
		159.351135;0.008179;-53.849148;,
		159.351135;0.008179;-40.007973;,
		159.351135;330.022400;-40.007973;,
		-0.000000;330.022400;-53.849148;,
		-0.000000;0.008179;-53.849148;,
		159.351135;0.008179;-53.849148;,
		-0.000000;330.022400;-40.007973;,
		-0.000000;330.022400;-53.849148;,
		159.351135;330.022400;-53.849148;,
		-0.000000;0.008179;-40.007973;,
		-0.000000;330.022400;-40.007973;,
		159.351135;330.022400;-40.007973;,
		-0.000000;0.008179;-53.849148;,
		-0.000000;0.008179;-40.007973;,
		159.351135;0.008179;-40.007973;,
		-0.000000;0.008179;-53.849148;,
		-0.000000;330.022400;-53.849148;,
		-0.000000;330.022400;-40.007973;,
		159.351135;330.022400;-53.849148;,
		159.351135;330.022400;-53.849148;,
		159.351135;330.022400;-40.007973;,
		159.351135;0.008179;-40.007973;,
		159.351135;0.008179;-53.849148;,
		-0.000000;0.008179;-40.007973;;
		12;
		3;0,2,1;,
		3;3,5,4;,
		3;6,8,7;,
		3;9,11,10;,
		3;12,14,13;,
		3;15,17,16;,
		3;0,18,2;,
		3;3,19,5;,
		3;6,20,8;,
		3;9,21,11;,
		3;12,22,14;,
		3;15,23,17;;
		MeshNormals {
			24;
			1.000000;0.000000;0.000000;,
			1.000000;0.000000;0.000000;,
			1.000000;0.000000;0.000000;,
			0.000000;0.000000;-1.000000;,
			0.000000;0.000000;-1.000000;,
			0.000000;0.000000;-1.000000;,
			0.000000;1.000000;0.000000;,
			0.000000;1.000000;0.000000;,
			0.000000;1.000000;0.000000;,
			0.000000;0.000000;1.000000;,
			0.000000;0.000000;1.000000;,
			0.000000;0.000000;1.000000;,
			0.000000;-1.000000;0.000000;,
			0.000000;-1.000000;0.000000;,
			0.000000;-1.000000;0.000000;,
			-1.000000;0.000000;0.000000;,
			-1.000000;0.000000;0.000000;,
			-1.000000;0.000000;0.000000;,
			1.000000;0.000000;0.000000;,
			0.000000;0.000000;-1.000000;,
			0.000000;1.000000;0.000000;,
			0.000000;0.000000;1.000000;,
			0.000000;-1.000000;0.000000;,
			-1.000000;0.000000;0.000000;;
			12;
			3;0,2,1;,
			3;3,5,4;,
			3;6,8,7;,
			3;9,11,10;,
			3;12,14,13;,
			3;15,17,16;,
			3;0,18,2;,
			3;3,19,5;,
			3;6,20,8;,
			3;9,21,11;,
			3;12,22,14;,
			3;15,23,17;;
		}
		MeshTextureCoords {
			24;
			0.167880;0.477165;,
			0.102724;0.477165;,
			0.102663;0.704295;,
			0.632761;0.010452;,
			0.632761;0.711742;,
			0.971389;0.711742;,
			0.102693;0.140352;,
			0.167849;0.140352;,
			0.167803;0.030686;,
			0.971557;0.711742;,
			0.971557;0.010452;,
			0.632929;0.010452;,
			0.167910;0.367498;,
			0.102754;0.367498;,
			0.102724;0.477165;,
			0.167910;0.367498;,
			0.167849;0.140352;,
			0.102693;0.140352;,
			0.167803;0.704295;,
			0.971389;0.010452;,
			0.102663;0.030686;,
			0.632929;0.711742;,
			0.167880;0.477165;,
			0.102754;0.367498;;
		}
		MeshMaterialList {
			1;
			12;
			0,
			0,
			0,
			0,
			0,
			0,
			0,
			0,
			0,
			0,
			0,
			0;
			{Door_mat}
		}
		XSkinMeshHeader {
			4;
			12;
			1;
		}
		SkinWeights {
			"LeftDoor_01";
			24;
			0,
			1,
			2,
			3,
			4,
			5,
			6,
			7,
			8,
			9,
			10,
			11,
			12,
			13,
			14,
			15,
			16,
			17,
			18,
			19,
			20,
			21,
			22,
			23;
			1.000000,
			1.000000,
			1.000000,
			1.000000,
			1.000000,
			1.000000,
			1.000000,
			1.000000,
			1.000000,
			1.000000,
			1.000000,
			1.000000,
			1.000000,
			1.000000,
			1.000000,
			1.000000,
			1.000000,
			1.000000,
			1.000000,
			1.000000,
			1.000000,
			1.000000,
			1.000000,
			1.000000;
			1.000000,0.000000,0.000000,0.000000,
			0.000000,1.000000,0.000000,0.000000,
			0.000000,0.000000,1.000000,0.000000,
			-157.070618,-177.300995,53.747509,1.000000;;
		}
	}
}
Frame Door_frame_mesh {
	FrameTransformMatrix {
		1.000000,0.000000,0.000000,0.000000,
		0.000000,1.000000,0.000000,0.000000,
		0.000000,0.000000,1.000000,0.000000,
		0.000000,0.000000,0.000000,1.000000;;
	}
	Mesh {
		72;
		-172.500000;0.008148;57.500000;,
		-172.500000;0.008148;-57.500000;,
		-172.500000;345.008148;-57.500000;,
		-172.500000;345.008148;-57.500000;,
		0.000000;345.008148;-57.500000;,
		0.000000;345.008148;57.500000;,
		0.000000;345.008148;57.500000;,
		0.000000;345.008148;-57.500000;,
		172.500000;345.008148;-57.500000;,
		172.500000;0.008148;-57.500000;,
		172.500000;0.008148;57.500000;,
		172.500000;345.008148;57.500000;,
		0.000000;330.023651;-57.500000;,
		-159.355499;330.023651;-57.500000;,
		-159.355499;330.023651;57.500000;,
		0.000000;330.023651;57.500000;,
		159.349731;330.023651;57.500000;,
		159.349731;330.023651;-57.500000;,
		-159.355499;0.008148;57.500000;,
		-159.355499;330.023651;57.500000;,
		-159.355499;330.023651;-57.500000;,
		159.349731;0.008148;-57.500000;,
		159.349731;330.023651;-57.500000;,
		159.349731;330.023651;57.500000;,
		172.500000;0.008148;57.500000;,
		172.500000;0.008148;-57.500000;,
		159.349731;0.008148;-57.500000;,
		-172.500000;0.008148;-57.500000;,
		-172.500000;0.008148;57.500000;,
		-159.355499;0.008148;57.500000;,
		-159.355499;0.008148;-57.500000;,
		-159.355499;330.023651;-57.500000;,
		-172.500000;345.008148;-57.500000;,
		-159.355499;330.023651;-57.500000;,
		0.000000;330.023651;-57.500000;,
		0.000000;345.008148;-57.500000;,
		0.000000;330.023651;-57.500000;,
		159.349731;330.023651;-57.500000;,
		172.500000;345.008148;-57.500000;,
		159.349731;330.023651;-57.500000;,
		159.349731;0.008148;-57.500000;,
		172.500000;0.008148;-57.500000;,
		-172.500000;345.008148;57.500000;,
		0.000000;345.008148;57.500000;,
		0.000000;330.023651;57.500000;,
		-172.500000;0.008148;57.500000;,
		-172.500000;345.008148;57.500000;,
		-159.355499;330.023651;57.500000;,
		0.000000;345.008148;57.500000;,
		172.500000;345.008148;57.500000;,
		159.349731;330.023651;57.500000;,
		172.500000;345.008148;57.500000;,
		172.500000;0.008148;57.500000;,
		159.349731;0.008148;57.500000;,
		-172.500000;345.008148;57.500000;,
		-172.500000;345.008148;57.500000;,
		172.500000;345.008148;57.500000;,
		172.500000;345.008148;-57.500000;,
		0.000000;330.023651;57.500000;,
		0.000000;330.023651;-57.500000;,
		-159.355499;0.008148;-57.500000;,
		159.349731;0.008148;57.500000;,
		159.349731;0.008148;57.500000;,
		-159.355499;0.008148;-57.500000;,
		-172.500000;0.008148;-57.500000;,
		-172.500000;345.008148;-57.500000;,
		0.000000;345.008148;-57.500000;,
		172.500000;345.008148;-57.500000;,
		-159.355499;330.023651;57.500000;,
		-159.355499;0.008148;57.500000;,
		0.000000;330.023651;57.500000;,
		159.349731;330.023651;57.500000;;
		36;
		3;0,2,1;,
		3;3,5,4;,
		3;6,8,7;,
		3;9,11,10;,
		3;12,14,13;,
		3;15,17,16;,
		3;18,20,19;,
		3;21,23,22;,
		3;24,26,25;,
		3;27,29,28;,
		3;30,32,31;,
		3;33,35,34;,
		3;36,38,37;,
		3;39,41,40;,
		3;42,44,43;,
		3;45,47,46;,
		3;48,50,49;,
		3;51,53,52;,
		3;0,54,2;,
		3;3,55,5;,
		3;6,56,8;,
		3;9,57,11;,
		3;12,58,14;,
		3;15,59,17;,
		3;18,60,20;,
		3;21,61,23;,
		3;24,62,26;,
		3;27,63,29;,
		3;30,64,32;,
		3;33,65,35;,
		3;36,66,38;,
		3;39,67,41;,
		3;42,68,44;,
		3;45,69,47;,
		3;48,70,50;,
		3;51,71,53;;
		MeshNormals {
			72;
			-1.000000;0.000000;0.000000;,
			-1.000000;0.000000;0.000000;,
			-1.000000;0.000000;0.000000;,
			0.000000;1.000000;0.000000;,
			0.000000;1.000000;0.000000;,
			0.000000;1.000000;0.000000;,
			0.000000;1.000000;0.000000;,
			0.000000;1.000000;0.000000;,
			0.000000;1.000000;0.000000;,
			1.000000;0.000000;0.000000;,
			1.000000;0.000000;0.000000;,
			1.000000;0.000000;0.000000;,
			0.000000;-1.000000;0.000000;,
			0.000000;-1.000000;0.000000;,
			0.000000;-1.000000;0.000000;,
			0.000000;-1.000000;0.000000;,
			0.000000;-1.000000;0.000000;,
			0.000000;-1.000000;0.000000;,
			1.000000;0.000000;0.000000;,
			1.000000;0.000000;0.000000;,
			1.000000;0.000000;0.000000;,
			-1.000000;0.000000;0.000000;,
			-1.000000;0.000000;0.000000;,
			-1.000000;0.000000;0.000000;,
			0.000000;-1.000000;0.000000;,
			0.000000;-1.000000;0.000000;,
			0.000000;-1.000000;0.000000;,
			0.000000;-1.000000;0.000000;,
			0.000000;-1.000000;0.000000;,
			0.000000;-1.000000;0.000000;,
			0.000000;0.000000;-0.992126;,
			0.000000;0.000000;-1.000000;,
			0.000000;0.000000;-0.992126;,
			0.000000;0.000000;-1.000000;,
			0.000000;0.000000;-1.000000;,
			0.000000;0.000000;-1.000000;,
			0.000000;0.000000;-1.000000;,
			0.000000;0.000000;-1.000000;,
			0.000000;0.000000;-1.000000;,
			0.000000;0.000000;-1.000000;,
			0.000000;0.000000;-1.000000;,
			0.000000;0.000000;-0.992126;,
			0.000000;0.000000;1.000000;,
			0.000000;0.000000;1.000000;,
			0.000000;0.000000;1.000000;,
			0.000000;0.000000;1.000000;,
			0.000000;0.000000;0.992126;,
			0.000000;0.000000;1.000000;,
			0.000000;0.000000;1.000000;,
			0.000000;0.000000;1.000000;,
			0.000000;0.000000;1.000000;,
			0.000000;0.000000;1.000000;,
			0.000000;0.000000;0.992126;,
			0.000000;0.000000;1.000000;,
			-1.000000;0.000000;0.000000;,
			0.000000;1.000000;0.000000;,
			0.000000;1.000000;0.000000;,
			1.000000;0.000000;0.000000;,
			0.000000;-1.000000;0.000000;,
			0.000000;-1.000000;0.000000;,
			1.000000;0.000000;0.000000;,
			-1.000000;0.000000;0.000000;,
			0.000000;-1.000000;0.000000;,
			0.000000;-1.000000;0.000000;,
			0.000000;0.000000;-1.000000;,
			0.000000;0.000000;-1.000000;,
			0.000000;0.000000;-1.000000;,
			0.000000;0.000000;-1.000000;,
			0.000000;0.000000;1.000000;,
			0.000000;0.000000;0.992126;,
			0.000000;0.000000;1.000000;,
			0.000000;0.000000;1.000000;;
			36;
			3;0,2,1;,
			3;3,5,4;,
			3;6,8,7;,
			3;9,11,10;,
			3;12,14,13;,
			3;15,17,16;,
			3;18,20,19;,
			3;21,23,22;,
			3;24,26,25;,
			3;27,29,28;,
			3;30,32,31;,
			3;33,35,34;,
			3;36,38,37;,
			3;39,41,40;,
			3;42,44,43;,
			3;45,47,46;,
			3;48,50,49;,
			3;51,53,52;,
			3;0,54,2;,
			3;3,55,5;,
			3;6,56,8;,
			3;9,57,11;,
			3;12,58,14;,
			3;15,59,17;,
			3;18,60,20;,
			3;21,61,23;,
			3;24,62,26;,
			3;27,63,29;,
			3;30,64,32;,
			3;33,65,35;,
			3;36,66,38;,
			3;39,67,41;,
			3;42,68,44;,
			3;45,69,47;,
			3;48,70,50;,
			3;51,71,53;;
		}
		MeshTextureCoords {
			72;
			0.973602;0.843687;,
			0.973602;0.733684;,
			0.666010;0.733684;,
			0.666010;0.733684;,
			0.512200;0.733684;,
			0.512200;0.843687;,
			0.512200;0.843687;,
			0.512200;0.733684;,
			0.358404;0.733684;,
			0.050813;0.733684;,
			0.050813;0.843687;,
			0.358404;0.843687;,
			0.512093;0.868391;,
			0.359655;0.868391;,
			0.359655;0.978393;,
			0.512093;0.978393;,
			0.664515;0.978393;,
			0.664515;0.868391;,
			0.043977;0.978393;,
			0.359655;0.978393;,
			0.359655;0.868391;,
			0.980194;0.868391;,
			0.664515;0.868391;,
			0.664515;0.978393;,
			0.288548;0.312688;,
			0.288548;0.412634;,
			0.299977;0.412634;,
			0.588403;0.412634;,
			0.588403;0.312688;,
			0.576974;0.312688;,
			0.576974;0.412634;,
			0.576974;0.699458;,
			0.588403;0.712489;,
			0.576974;0.699458;,
			0.438468;0.699458;,
			0.438468;0.712489;,
			0.438468;0.699458;,
			0.299977;0.699458;,
			0.288548;0.712474;,
			0.299977;0.699458;,
			0.299977;0.412634;,
			0.288548;0.412634;,
			0.588403;0.012833;,
			0.438468;0.012833;,
			0.438468;0.025849;,
			0.588403;0.312688;,
			0.588403;0.012833;,
			0.576974;0.025849;,
			0.438468;0.012833;,
			0.288548;0.012833;,
			0.299977;0.025849;,
			0.288548;0.012833;,
			0.288548;0.312688;,
			0.299977;0.312688;,
			0.665995;0.843687;,
			0.665995;0.843687;,
			0.358404;0.843687;,
			0.358404;0.733684;,
			0.512093;0.978393;,
			0.512093;0.868391;,
			0.043977;0.868391;,
			0.980194;0.978393;,
			0.299977;0.312688;,
			0.576974;0.412634;,
			0.588403;0.412634;,
			0.588403;0.712489;,
			0.438468;0.712489;,
			0.288548;0.712474;,
			0.576974;0.025849;,
			0.576974;0.312688;,
			0.438468;0.025849;,
			0.299977;0.025849;;
		}
		MeshMaterialList {
			1;
			36;
			0,
			0,
			0,
			0,
			0,
			0,
			0,
			0,
			0,
			0,
			0,
			0,
			0,
			0,
			0,
			0,
			0,
			0,
			0,
			0,
			0,
			0,
			0,
			0,
			0,
			0,
			0,
			0,
			0,
			0,
			0,
			0,
			0,
			0,
			0,
			0;
			{Door_mat}
		}
		XSkinMeshHeader {
			4;
			12;
			1;
		}
		SkinWeights {
			"Door_root";
			72;
			0,
			1,
			2,
			3,
			4,
			5,
			6,
			7,
			8,
			9,
			10,
			11,
			12,
			13,
			14,
			15,
			16,
			17,
			18,
			19,
			20,
			21,
			22,
			23,
			24,
			25,
			26,
			27,
			28,
			29,
			30,
			31,
			32,
			33,
			34,
			35,
			36,
			37,
			38,
			39,
			40,
			41,
			42,
			43,
			44,
			45,
			46,
			47,
			48,
			49,
			50,
			51,
			52,
			53,
			54,
			55,
			56,
			57,
			58,
			59,
			60,
			61,
			62,
			63,
			64,
			65,
			66,
			67,
			68,
			69,
			70,
			71;
			1.000000,
			1.000000,
			1.000000,
			1.000000,
			1.000000,
			1.000000,
			1.000000,
			1.000000,
			1.000000,
			1.000000,
			1.000000,
			1.000000,
			1.000000,
			1.000000,
			1.000000,
			1.000000,
			1.000000,
			1.000000,
			1.000000,
			1.000000,
			1.000000,
			1.000000,
			1.000000,
			1.000000,
			1.000000,
			1.000000,
			1.000000,
			1.000000,
			1.000000,
			1.000000,
			1.000000,
			1.000000,
			1.000000,
			1.000000,
			1.000000,
			1.000000,
			1.000000,
			1.000000,
			1.000000,
			1.000000,
			1.000000,
			1.000000,
			1.000000,
			1.000000,
			1.000000,
			1.000000,
			1.000000,
			1.000000,
			1.000000,
			1.000000,
			1.000000,
			1.000000,
			1.000000,
			1.000000,
			1.000000,
			1.000000,
			1.000000,
			1.000000,
			1.000000,
			1.000000,
			1.000000,
			1.000000,
			1.000000,
			1.000000,
			1.000000,
			1.000000,
			1.000000,
			1.000000,
			1.000000,
			1.000000,
			1.000000,
			1.000000;
			1.000000,0.000000,0.000000,0.000000,
			0.000000,1.000000,0.000000,0.000000,
			0.000000,0.000000,1.000000,0.000000,
			0.000000,-0.008179,53.849148,1.000000;;
		}
	}
}
AnimationSet Take_001 {
	Animation {
		{Door_root}
		AnimationKey {
			4;
			37;
			0;16;
			1.000000,0.000000,0.000000,0.000000,
			0.000000,1.000000,0.000000,0.000000,
			0.000000,0.000000,1.000000,0.000000,
			0.000000,0.008179,-53.849152,1.000000;;,
			1;16;
			1.000000,0.000000,0.000000,0.000000,
			0.000000,1.000000,0.000000,0.000000,
			0.000000,0.000000,1.000000,0.000000,
			0.000000,0.008179,-53.849152,1.000000;;,
			2;16;
			1.000000,0.000000,0.000000,0.000000,
			0.000000,1.000000,0.000000,0.000000,
			0.000000,0.000000,1.000000,0.000000,
			0.000000,0.008179,-53.849152,1.000000;;,
			3;16;
			1.000000,0.000000,0.000000,0.000000,
			0.000000,1.000000,0.000000,0.000000,
			0.000000,0.000000,1.000000,0.000000,
			0.000000,0.008179,-53.849152,1.000000;;,
			4;16;
			1.000000,0.000000,0.000000,0.000000,
			0.000000,1.000000,0.000000,0.000000,
			0.000000,0.000000,1.000000,0.000000,
			0.000000,0.008179,-53.849152,1.000000;;,
			5;16;
			1.000000,0.000000,0.000000,0.000000,
			0.000000,1.000000,0.000000,0.000000,
			0.000000,0.000000,1.000000,0.000000,
			0.000000,0.008179,-53.849152,1.000000;;,
			6;16;
			1.000000,0.000000,0.000000,0.000000,
			0.000000,1.000000,0.000000,0.000000,
			0.000000,0.000000,1.000000,0.000000,
			0.000000,0.008179,-53.849152,1.000000;;,
			7;16;
			1.000000,0.000000,0.000000,0.000000,
			0.000000,1.000000,0.000000,0.000000,
			0.000000,0.000000,1.000000,0.000000,
			0.000000,0.008179,-53.849152,1.000000;;,
			9;16;
			1.000000,0.000000,0.000000,0.000000,
			0.000000,1.000000,0.000000,0.000000,
			0.000000,0.000000,1.000000,0.000000,
			0.000000,0.008179,-53.849152,1.000000;;,
			10;16;
			1.000000,0.000000,0.000000,0.000000,
			0.000000,1.000000,0.000000,0.000000,
			0.000000,0.000000,1.000000,0.000000,
			0.000000,0.008179,-53.849152,1.000000;;,
			11;16;
			1.000000,0.000000,0.000000,0.000000,
			0.000000,1.000000,0.000000,0.000000,
			0.000000,0.000000,1.000000,0.000000,
			0.000000,0.008179,-53.849152,1.000000;;,
			12;16;
			1.000000,0.000000,0.000000,0.000000,
			0.000000,1.000000,0.000000,0.000000,
			0.000000,0.000000,1.000000,0.000000,
			0.000000,0.008179,-53.849152,1.000000;;,
			13;16;
			1.000000,0.000000,0.000000,0.000000,
			0.000000,1.000000,0.000000,0.000000,
			0.000000,0.000000,1.000000,0.000000,
			0.000000,0.008179,-53.849152,1.000000;;,
			14;16;
			1.000000,0.000000,0.000000,0.000000,
			0.000000,1.000000,0.000000,0.000000,
			0.000000,0.000000,1.000000,0.000000,
			0.000000,0.008179,-53.849152,1.000000;;,
			15;16;
			1.000000,0.000000,0.000000,0.000000,
			0.000000,1.000000,0.000000,0.000000,
			0.000000,0.000000,1.000000,0.000000,
			0.000000,0.008179,-53.849152,1.000000;;,
			16;16;
			1.000000,0.000000,0.000000,0.000000,
			0.000000,1.000000,0.000000,0.000000,
			0.000000,0.000000,1.000000,0.000000,
			0.000000,0.008179,-53.849152,1.000000;;,
			18;16;
			1.000000,0.000000,0.000000,0.000000,
			0.000000,1.000000,0.000000,0.000000,
			0.000000,0.000000,1.000000,0.000000,
			0.000000,0.008179,-53.849152,1.000000;;,
			19;16;
			1.000000,0.000000,0.000000,0.000000,
			0.000000,1.000000,0.000000,0.000000,
			0.000000,0.000000,1.000000,0.000000,
			0.000000,0.008179,-53.849152,1.000000;;,
			20;16;
			1.000000,0.000000,0.000000,0.000000,
			0.000000,1.000000,0.000000,0.000000,
			0.000000,0.000000,1.000000,0.000000,
			0.000000,0.008179,-53.849152,1.000000;;,
			21;16;
			1.000000,0.000000,0.000000,0.000000,
			0.000000,1.000000,0.000000,0.000000,
			0.000000,0.000000,1.000000,0.000000,
			0.000000,0.008179,-53.849152,1.000000;;,
			22;16;
			1.000000,0.000000,0.000000,0.000000,
			0.000000,1.000000,0.000000,0.000000,
			0.000000,0.000000,1.000000,0.000000,
			0.000000,0.008179,-53.849152,1.000000;;,
			23;16;
			1.000000,0.000000,0.000000,0.000000,
			0.000000,1.000000,0.000000,0.000000,
			0.000000,0.000000,1.000000,0.000000,
			0.000000,0.008179,-53.849152,1.000000;;,
			24;16;
			1.000000,0.000000,0.000000,0.000000,
			0.000000,1.000000,0.000000,0.000000,
			0.000000,0.000000,1.000000,0.000000,
			0.000000,0.008179,-53.849152,1.000000;;,
			25;16;
			1.000000,0.000000,0.000000,0.000000,
			0.000000,1.000000,0.000000,0.000000,
			0.000000,0.000000,1.000000,0.000000,
			0.000000,0.008179,-53.849152,1.000000;;,
			27;16;
			1.000000,0.000000,0.000000,0.000000,
			0.000000,1.000000,0.000000,0.000000,
			0.000000,0.000000,1.000000,0.000000,
			0.000000,0.008179,-53.849152,1.000000;;,
			28;16;
			1.000000,0.000000,0.000000,0.000000,
			0.000000,1.000000,0.000000,0.000000,
			0.000000,0.000000,1.000000,0.000000,
			0.000000,0.008179,-53.849152,1.000000;;,
			29;16;
			1.000000,0.000000,0.000000,0.000000,
			0.000000,1.000000,0.000000,0.000000,
			0.000000,0.000000,1.000000,0.000000,
			0.000000,0.008179,-53.849152,1.000000;;,
			30;16;
			1.000000,0.000000,0.000000,0.000000,
			0.000000,1.000000,0.000000,0.000000,
			0.000000,0.000000,1.000000,0.000000,
			0.000000,0.008179,-53.849152,1.000000;;,
			31;16;
			1.000000,0.000000,0.000000,0.000000,
			0.000000,1.000000,0.000000,0.000000,
			0.000000,0.000000,1.000000,0.000000,
			0.000000,0.008179,-53.849152,1.000000;;,
			32;16;
			1.000000,0.000000,0.000000,0.000000,
			0.000000,1.000000,0.000000,0.000000,
			0.000000,0.000000,1.000000,0.000000,
			0.000000,0.008179,-53.849152,1.000000;;,
			33;16;
			1.000000,0.000000,0.000000,0.000000,
			0.000000,1.000000,0.000000,0.000000,
			0.000000,0.000000,1.000000,0.000000,
			0.000000,0.008179,-53.849152,1.000000;;,
			34;16;
			1.000000,0.000000,0.000000,0.000000,
			0.000000,1.000000,0.000000,0.000000,
			0.000000,0.000000,1.000000,0.000000,
			0.000000,0.008179,-53.849152,1.000000;;,
			36;16;
			1.000000,0.000000,0.000000,0.000000,
			0.000000,1.000000,0.000000,0.000000,
			0.000000,0.000000,1.000000,0.000000,
			0.000000,0.008179,-53.849152,1.000000;;,
			37;16;
			1.000000,0.000000,0.000000,0.000000,
			0.000000,1.000000,0.000000,0.000000,
			0.000000,0.000000,1.000000,0.000000,
			0.000000,0.008179,-53.849152,1.000000;;,
			38;16;
			1.000000,0.000000,0.000000,0.000000,
			0.000000,1.000000,0.000000,0.000000,
			0.000000,0.000000,1.000000,0.000000,
			0.000000,0.008179,-53.849152,1.000000;;,
			39;16;
			1.000000,0.000000,0.000000,0.000000,
			0.000000,1.000000,0.000000,0.000000,
			0.000000,0.000000,1.000000,0.000000,
			0.000000,0.008179,-53.849152,1.000000;;,
			49;16;
			1.000000,0.000000,0.000000,0.000000,
			0.000000,1.000000,0.000000,0.000000,
			0.000000,0.000000,1.000000,0.000000,
			0.000000,0.008179,-53.849152,1.000000;;;
		}
	}
	Animation {
		{LeftDoor_01}
		AnimationKey {
			4;
			37;
			0;16;
			1.000000,0.000000,-0.000000,0.000000,
			0.000000,1.000000,0.000000,0.000000,
			0.000000,0.000000,1.000000,0.000000,
			157.070602,177.292801,0.101636,1.000000;;,
			1;16;
			1.000000,0.000000,0.000096,0.000000,
			-0.000000,1.000000,0.000000,0.000000,
			-0.000096,-0.000000,1.000000,0.000000,
			157.070602,177.292801,0.101636,1.000000;;,
			2;16;
			1.000000,0.000000,0.000479,0.000000,
			-0.000000,1.000000,0.000000,0.000000,
			-0.000479,-0.000000,1.000000,0.000000,
			157.070602,177.292801,0.101636,1.000000;;,
			3;16;
			0.999999,0.000000,0.001534,0.000000,
			-0.000000,1.000000,0.000000,0.000000,
			-0.001534,-0.000000,0.999999,0.000000,
			157.070602,177.292801,0.101636,1.000000;;,
			4;16;
			0.999994,0.000000,0.003451,0.000000,
			-0.000000,1.000000,0.000000,0.000000,
			-0.003451,-0.000000,0.999994,0.000000,
			157.070602,177.292801,0.101636,1.000000;;,
			5;16;
			0.999979,0.000000,0.006519,0.000000,
			-0.000000,1.000000,0.000000,0.000000,
			-0.006519,-0.000000,0.999979,0.000000,
			157.070602,177.292801,0.101636,1.000000;;,
			6;16;
			0.999936,0.000000,0.011313,0.000000,
			-0.000000,1.000000,0.000000,0.000000,
			-0.011313,-0.000000,0.999936,0.000000,
			157.070602,177.292801,0.101636,1.000000;;,
			7;16;
			0.999841,0.000000,0.017832,0.000000,
			-0.000000,1.000000,0.000000,0.000000,
			-0.017832,-0.000000,0.999841,0.000000,
			157.070602,177.292801,0.101636,1.000000;;,
			9;16;
			0.999287,0.000000,0.037765,0.000000,
			-0.000000,1.000000,0.000000,0.000000,
			-0.037765,-0.000000,0.999287,0.000000,
			157.070602,177.292801,0.101636,1.000000;;,
			10;16;
			0.998660,0.000000,0.051748,0.000000,
			-0.000000,1.000000,0.000000,0.000000,
			-0.051748,-0.000000,0.998660,0.000000,
			157.070602,177.292801,0.101636,1.000000;;,
			11;16;
			0.997625,0.000000,0.068879,0.000000,
			-0.000000,1.000000,0.000000,0.000000,
			-0.068879,-0.000000,0.997625,0.000000,
			157.070602,177.292801,0.101636,1.000000;;,
			12;16;
			0.996002,0.000000,0.089331,0.000000,
			-0.000000,1.000000,0.000000,0.000000,
			-0.089331,-0.000000,0.996002,0.000000,
			157.070602,177.292801,0.101636,1.000000;;,
			13;16;
			0.993542,0.000000,0.113461,0.000000,
			-0.000000,1.000000,0.000000,0.000000,
			-0.113461,-0.000000,0.993542,0.000000,
			157.070602,177.292801,0.101636,1.000000;;,
			14;16;
			0.989936,0.000000,0.141512,0.000000,
			-0.000000,1.000000,0.000000,0.000000,
			-0.141512,-0.000000,0.989936,0.000000,
			157.070602,177.292801,0.101636,1.000000;;,
			15;16;
			0.984798,0.000000,0.173701,0.000000,
			-0.000000,1.000000,0.000000,0.000000,
			-0.173701,-0.000000,0.984798,0.000000,
			157.070602,177.292801,0.101636,1.000000;;,
			16;16;
			0.968808,0.000000,0.247813,0.000000,
			-0.000000,1.000000,0.000000,0.000000,
			-0.247813,-0.000000,0.968808,0.000000,
			157.070602,177.292801,0.101636,1.000000;;,
			18;16;
			0.827238,0.000000,0.561852,0.000000,
			-0.000000,1.000000,0.000000,0.000000,
			-0.561852,-0.000000,0.827238,0.000000,
			157.070602,177.292801,0.101636,1.000000;;,
			19;16;
			0.672198,0.000000,0.740371,0.000000,
			-0.000000,1.000000,0.000000,0.000000,
			-0.740371,-0.000000,0.672198,0.000000,
			157.070602,177.292801,0.101636,1.000000;;,
			20;16;
			0.461645,0.000000,0.887065,0.000000,
			-0.000000,1.000000,0.000000,0.000000,
			-0.887065,-0.000000,0.461645,0.000000,
			157.070602,177.292801,0.101636,1.000000;;,
			21;16;
			0.217417,0.000000,0.976079,0.000000,
			-0.000000,1.000000,0.000000,0.000000,
			-0.976079,-0.000000,0.217417,0.000000,
			157.070602,177.292801,0.101636,1.000000;;,
			22;16;
			-0.028470,-0.000000,0.999595,0.000000,
			-0.000000,1.000000,-0.000000,0.000000,
			-0.999595,-0.000000,-0.028470,0.000000,
			157.070602,177.292801,0.101636,1.000000;;,
			23;16;
			-0.243445,-0.000000,0.969915,0.000000,
			-0.000000,1.000000,-0.000000,0.000000,
			-0.969915,-0.000000,-0.243445,0.000000,
			157.070602,177.292801,0.101636,1.000000;;,
			24;16;
			-0.404540,-0.000000,0.914520,0.000000,
			-0.000000,1.000000,-0.000000,0.000000,
			-0.914520,-0.000000,-0.404540,0.000000,
			157.070602,177.292801,0.101636,1.000000;;,
			25;16;
			-0.500055,-0.000000,0.865993,0.000000,
			-0.000000,1.000000,-0.000000,0.000000,
			-0.865993,-0.000000,-0.500055,0.000000,
			157.070602,177.292801,0.101636,1.000000;;,
			27;16;
			-0.601612,-0.000000,0.798788,0.000000,
			-0.000000,1.000000,-0.000000,0.000000,
			-0.798788,-0.000000,-0.601612,0.000000,
			157.070602,177.292801,0.101636,1.000000;;,
			28;16;
			-0.639640,-0.000000,0.768674,0.000000,
			-0.000000,1.000000,-0.000000,0.000000,
			-0.768674,-0.000000,-0.639640,0.000000,
			157.070602,177.292801,0.101636,1.000000;;,
			29;16;
			-0.670635,-0.000000,0.741788,0.000000,
			-0.000000,1.000000,-0.000000,0.000000,
			-0.741788,-0.000000,-0.670635,0.000000,
			157.070602,177.292801,0.101636,1.000000;;,
			30;16;
			-0.695626,-0.000000,0.718404,0.000000,
			-0.000000,1.000000,-0.000000,0.000000,
			-0.718404,-0.000000,-0.695626,0.000000,
			157.070602,177.292801,0.101636,1.000000;;,
			31;16;
			-0.715463,-0.000000,0.698651,0.000000,
			-0.000000,1.000000,-0.000000,0.000000,
			-0.698651,-0.000000,-0.715463,0.000000,
			157.070602,177.292801,0.101636,1.000000;;,
			32;16;
			-0.731021,-0.000000,0.682355,0.000000,
			-0.000000,1.000000,-0.000000,0.000000,
			-0.682355,-0.000000,-0.731021,0.000000,
			157.070602,177.292801,0.101636,1.000000;;,
			33;16;
			-0.742815,-0.000000,0.669496,0.000000,
			-0.000000,1.000000,-0.000000,0.000000,
			-0.669496,-0.000000,-0.742815,0.000000,
			157.070602,177.292801,0.101636,1.000000;;,
			34;16;
			-0.751545,-0.000000,0.659682,0.000000,
			-0.000000,1.000000,-0.000000,0.000000,
			-0.659682,-0.000000,-0.751545,0.000000,
			157.070602,177.292801,0.101636,1.000000;;,
			36;16;
			-0.761824,-0.000000,0.647784,0.000000,
			-0.000000,1.000000,-0.000000,0.000000,
			-0.647784,-0.000000,-0.761824,0.000000,
			157.070602,177.292801,0.101636,1.000000;;,
			37;16;
			-0.764302,-0.000000,0.644858,0.000000,
			-0.000000,1.000000,-0.000000,0.000000,
			-0.644858,-0.000000,-0.764302,0.000000,
			157.070602,177.292801,0.101636,1.000000;;,
			38;16;
			-0.765537,-0.000000,0.643391,0.000000,
			-0.000000,1.000000,-0.000000,0.000000,
			-0.643391,-0.000000,-0.765537,0.000000,
			157.070602,177.292801,0.101636,1.000000;;,
			39;16;
			-0.766031,-0.000000,0.642804,0.000000,
			-0.000000,1.000000,-0.000000,0.000000,
			-0.642804,-0.000000,-0.766031,0.000000,
			157.070602,177.292801,0.101636,1.000000;;,
			49;16;
			-0.766092,-0.000000,0.642731,0.000000,
			-0.000000,1.000000,-0.000000,0.000000,
			-0.642731,-0.000000,-0.766092,0.000000,
			157.070602,177.292801,0.101636,1.000000;;;
		}
	}
	Animation {
		{LeftDoor_02_end}
		AnimationKey {
			4;
			37;
			0;16;
			1.000000,0.000000,0.000000,0.000000,
			0.000000,1.000000,0.000000,0.000000,
			0.000000,0.000000,1.000000,0.000000,
			-157.070602,0.000000,0.000000,1.000000;;,
			1;16;
			1.000000,0.000000,0.000000,0.000000,
			0.000000,1.000000,0.000000,0.000000,
			0.000000,0.000000,1.000000,0.000000,
			-157.070602,0.000000,0.000000,1.000000;;,
			2;16;
			1.000000,0.000000,0.000000,0.000000,
			0.000000,1.000000,0.000000,0.000000,
			0.000000,0.000000,1.000000,0.000000,
			-157.070602,0.000000,0.000000,1.000000;;,
			3;16;
			1.000000,0.000000,0.000000,0.000000,
			0.000000,1.000000,0.000000,0.000000,
			0.000000,0.000000,1.000000,0.000000,
			-157.070602,0.000000,0.000000,1.000000;;,
			4;16;
			1.000000,0.000000,0.000000,0.000000,
			0.000000,1.000000,0.000000,0.000000,
			0.000000,0.000000,1.000000,0.000000,
			-157.070602,0.000000,0.000000,1.000000;;,
			5;16;
			1.000000,0.000000,0.000000,0.000000,
			0.000000,1.000000,0.000000,0.000000,
			0.000000,0.000000,1.000000,0.000000,
			-157.070602,0.000000,0.000000,1.000000;;,
			6;16;
			1.000000,0.000000,0.000000,0.000000,
			0.000000,1.000000,0.000000,0.000000,
			0.000000,0.000000,1.000000,0.000000,
			-157.070602,0.000000,0.000000,1.000000;;,
			7;16;
			1.000000,0.000000,0.000000,0.000000,
			0.000000,1.000000,0.000000,0.000000,
			0.000000,0.000000,1.000000,0.000000,
			-157.070602,0.000000,0.000000,1.000000;;,
			9;16;
			1.000000,0.000000,0.000000,0.000000,
			0.000000,1.000000,0.000000,0.000000,
			0.000000,0.000000,1.000000,0.000000,
			-157.070602,0.000000,0.000000,1.000000;;,
			10;16;
			1.000000,0.000000,0.000000,0.000000,
			0.000000,1.000000,0.000000,0.000000,
			0.000000,0.000000,1.000000,0.000000,
			-157.070602,0.000000,0.000000,1.000000;;,
			11;16;
			1.000000,0.000000,0.000000,0.000000,
			0.000000,1.000000,0.000000,0.000000,
			0.000000,0.000000,1.000000,0.000000,
			-157.070602,0.000000,0.000000,1.000000;;,
			12;16;
			1.000000,0.000000,0.000000,0.000000,
			0.000000,1.000000,0.000000,0.000000,
			0.000000,0.000000,1.000000,0.000000,
			-157.070602,0.000000,0.000000,1.000000;;,
			13;16;
			1.000000,0.000000,0.000000,0.000000,
			0.000000,1.000000,0.000000,0.000000,
			0.000000,0.000000,1.000000,0.000000,
			-157.070602,0.000000,0.000000,1.000000;;,
			14;16;
			1.000000,0.000000,0.000000,0.000000,
			0.000000,1.000000,0.000000,0.000000,
			0.000000,0.000000,1.000000,0.000000,
			-157.070602,0.000000,0.000000,1.000000;;,
			15;16;
			1.000000,0.000000,0.000000,0.000000,
			0.000000,1.000000,0.000000,0.000000,
			0.000000,0.000000,1.000000,0.000000,
			-157.070602,0.000000,0.000000,1.000000;;,
			16;16;
			1.000000,0.000000,0.000000,0.000000,
			0.000000,1.000000,0.000000,0.000000,
			0.000000,0.000000,1.000000,0.000000,
			-157.070602,0.000000,0.000000,1.000000;;,
			18;16;
			1.000000,0.000000,0.000000,0.000000,
			0.000000,1.000000,0.000000,0.000000,
			0.000000,0.000000,1.000000,0.000000,
			-157.070602,0.000000,0.000000,1.000000;;,
			19;16;
			1.000000,0.000000,0.000000,0.000000,
			0.000000,1.000000,0.000000,0.000000,
			0.000000,0.000000,1.000000,0.000000,
			-157.070602,0.000000,0.000000,1.000000;;,
			20;16;
			1.000000,0.000000,0.000000,0.000000,
			0.000000,1.000000,0.000000,0.000000,
			0.000000,0.000000,1.000000,0.000000,
			-157.070602,0.000000,0.000000,1.000000;;,
			21;16;
			1.000000,0.000000,0.000000,0.000000,
			0.000000,1.000000,0.000000,0.000000,
			0.000000,0.000000,1.000000,0.000000,
			-157.070602,0.000000,0.000000,1.000000;;,
			22;16;
			1.000000,0.000000,0.000000,0.000000,
			0.000000,1.000000,0.000000,0.000000,
			0.000000,0.000000,1.000000,0.000000,
			-157.070602,0.000000,0.000000,1.000000;;,
			23;16;
			1.000000,0.000000,0.000000,0.000000,
			0.000000,1.000000,0.000000,0.000000,
			0.000000,0.000000,1.000000,0.000000,
			-157.070602,0.000000,0.000000,1.000000;;,
			24;16;
			1.000000,0.000000,0.000000,0.000000,
			0.000000,1.000000,0.000000,0.000000,
			0.000000,0.000000,1.000000,0.000000,
			-157.070602,0.000000,0.000000,1.000000;;,
			25;16;
			1.000000,0.000000,0.000000,0.000000,
			0.000000,1.000000,0.000000,0.000000,
			0.000000,0.000000,1.000000,0.000000,
			-157.070602,0.000000,0.000000,1.000000;;,
			27;16;
			1.000000,0.000000,0.000000,0.000000,
			0.000000,1.000000,0.000000,0.000000,
			0.000000,0.000000,1.000000,0.000000,
			-157.070602,0.000000,0.000000,1.000000;;,
			28;16;
			1.000000,0.000000,0.000000,0.000000,
			0.000000,1.000000,0.000000,0.000000,
			0.000000,0.000000,1.000000,0.000000,
			-157.070602,0.000000,0.000000,1.000000;;,
			29;16;
			1.000000,0.000000,0.000000,0.000000,
			0.000000,1.000000,0.000000,0.000000,
			0.000000,0.000000,1.000000,0.000000,
			-157.070602,0.000000,0.000000,1.000000;;,
			30;16;
			1.000000,0.000000,0.000000,0.000000,
			0.000000,1.000000,0.000000,0.000000,
			0.000000,0.000000,1.000000,0.000000,
			-157.070602,0.000000,0.000000,1.000000;;,
			31;16;
			1.000000,0.000000,0.000000,0.000000,
			0.000000,1.000000,0.000000,0.000000,
			0.000000,0.000000,1.000000,0.000000,
			-157.070602,0.000000,0.000000,1.000000;;,
			32;16;
			1.000000,0.000000,0.000000,0.000000,
			0.000000,1.000000,0.000000,0.000000,
			0.000000,0.000000,1.000000,0.000000,
			-157.070602,0.000000,0.000000,1.000000;;,
			33;16;
			1.000000,0.000000,0.000000,0.000000,
			0.000000,1.000000,0.000000,0.000000,
			0.000000,0.000000,1.000000,0.000000,
			-157.070602,0.000000,0.000000,1.000000;;,
			34;16;
			1.000000,0.000000,0.000000,0.000000,
			0.000000,1.000000,0.000000,0.000000,
			0.000000,0.000000,1.000000,0.000000,
			-157.070602,0.000000,0.000000,1.000000;;,
			36;16;
			1.000000,0.000000,0.000000,0.000000,
			0.000000,1.000000,0.000000,0.000000,
			0.000000,0.000000,1.000000,0.000000,
			-157.070602,0.000000,0.000000,1.000000;;,
			37;16;
			1.000000,0.000000,0.000000,0.000000,
			0.000000,1.000000,0.000000,0.000000,
			0.000000,0.000000,1.000000,0.000000,
			-157.070602,0.000000,0.000000,1.000000;;,
			38;16;
			1.000000,0.000000,0.000000,0.000000,
			0.000000,1.000000,0.000000,0.000000,
			0.000000,0.000000,1.000000,0.000000,
			-157.070602,0.000000,0.000000,1.000000;;,
			39;16;
			1.000000,0.000000,0.000000,0.000000,
			0.000000,1.000000,0.000000,0.000000,
			0.000000,0.000000,1.000000,0.000000,
			-157.070602,0.000000,0.000000,1.000000;;,
			49;16;
			1.000000,0.000000,0.000000,0.000000,
			0.000000,1.000000,0.000000,0.000000,
			0.000000,0.000000,1.000000,0.000000,
			-157.070602,0.000000,0.000000,1.000000;;;
		}
	}
	Animation {
		{RightDoor_01}
		AnimationKey {
			4;
			37;
			0;16;
			1.000000,0.000000,0.000000,0.000000,
			0.000000,1.000000,0.000000,0.000000,
			0.000000,0.000000,1.000000,0.000000,
			-157.070999,177.292801,0.101636,1.000000;;,
			1;16;
			1.000000,0.000000,-0.000000,0.000000,
			0.000000,1.000000,0.000000,0.000000,
			0.000000,0.000000,1.000000,0.000000,
			-157.070999,177.292801,0.101636,1.000000;;,
			2;16;
			1.000000,0.000000,-0.000383,0.000000,
			0.000000,1.000000,0.000000,0.000000,
			0.000383,0.000000,1.000000,0.000000,
			-157.070999,177.292801,0.101636,1.000000;;,
			3;16;
			0.999999,0.000000,-0.001342,0.000000,
			0.000000,1.000000,0.000000,0.000000,
			0.001342,0.000000,0.999999,0.000000,
			-157.070999,177.292801,0.101636,1.000000;;,
			4;16;
			0.999995,0.000000,-0.003260,0.000000,
			0.000000,1.000000,0.000000,0.000000,
			0.003260,0.000000,0.999995,0.000000,
			-157.070999,177.292801,0.101636,1.000000;;,
			5;16;
			0.999979,0.000000,-0.006424,0.000000,
			0.000000,1.000000,0.000000,0.000000,
			0.006424,0.000000,0.999979,0.000000,
			-157.070999,177.292801,0.101636,1.000000;;,
			6;16;
			0.999938,0.000000,-0.011121,0.000000,
			0.000000,1.000000,0.000000,0.000000,
			0.011121,0.000000,0.999938,0.000000,
			-157.070999,177.292801,0.101636,1.000000;;,
			7;16;
			0.999843,0.000000,-0.017736,0.000000,
			0.000000,1.000000,0.000000,0.000000,
